stage
7 7 1 3 4 0.308588549612 -4.37150315946e-16
2 3 17 3 6 0.507286777834 -4.37150315946e-16
7 17 3 4 12 0.516704205099 0.5
stage
7 5 8 4 4 0.432340901765 0.364
10 11 0 3 3 0.498152930219 0.364
10 13 0 3 3 0.506529073528 0.411
9 1 18 18 4 0.546014144288 0.5
4 11 0 6 10 0.554683921079 0.5
2 20 0 3 6 0.590145949648 0.5
4 11 0 10 4 0.632014565666 0.5
10 20 6 3 3 0.677453093809 0.5
7 8 3 10 10 0.605287676855 0.5
2 9 12 8 6 0.664980364841 0.5
10 18 20 3 3 0.676172419085 0.5
stage
10 19 20 3 3 0.233946582152 0.383
9 1 17 14 4 0.411196328462 0.383
9 0 17 16 4 0.461156663018 0.383
7 0 8 8 4 0.540608496703 0.417
2 19 0 4 6 0.580986490894 0.5
4 14 0 8 4 0.654092937932 0.5
10 19 6 3 3 0.674260061224 0.5
9 1 17 10 4 0.612577766787 0.5
4 9 0 10 4 0.696462589117 0.5
2 1 19 9 4 0.700016371394 0.5
10 17 20 3 3 0.655528587932 0.5
stage
10 18 19 3 3 0.173609115841 0.475
1 2 3 4 4 0.48355682433 0.475
9 10 5 10 8 0.487192792168 0.475
10 20 5 3 3 0.530481562432 0.475
9 1 17 12 4 0.537470617079 0.475
7 2 4 3 12 0.567573903743 0.475
2 17 0 6 4 0.618617035112 0.5
stage
10 20 20 3 3 0.15042117853 0.5
7 2 8 6 4 0.340383226005 0.5
10 18 5 3 3 0.395649944754 0.5
7 16 7 4 6 0.322897911539 0.5
7 0 9 11 4 0.554847550778 0.5
10 12 1 3 3 0.485156349792 0.5
2 2 19 5 4 0.433065661537 0.5
