stage
6 0 6 10 3 0.556152745974 0.285
7 13 19 10 4 0.534983049977 0.285
7 19 16 4 6 0.537305100643 0.302
2 6 3 4 4 0.627407808997 0.471
8 0 17 18 6 0.529310247067 0.471
4 10 2 6 8 0.574742839113 0.5
stage
7 2 8 14 4 0.364182440442 0.389
2 8 6 9 16 0.453408776832 0.389
2 10 6 7 16 0.453408776832 0.389
6 0 19 6 4 0.500319201686 0.5
9 0 7 16 4 0.515267227938 0.5
1 14 13 4 3 0.529802163893 0.5
4 9 7 14 4 0.5385003861 0.5
6 3 11 4 12 0.482416001749 0.5
4 1 5 8 4 0.562163875617 0.5
4 11 13 4 8 0.552403473691 0.5
9 8 14 6 4 0.569671502079 0.5
9 1 0 18 6 0.579880754656 0.5
9 3 12 4 4 0.612943085613 0.5